girl 0.02846832397754611 0.0013685965652923912 0 
shot 0.0056134723336006415 0.00042091390932562324 1
shoot 0.00400962309542903 0.00016473267582237935 1
bring 0.0036086607858861267 0.0005599658257992667 0
head 0.0052125100240577385 0.000756642860811537 0
entire 0.0032076984763432237 0.0005217578667682205 0
nudes 0.0036086607858861267 7.829499801443885e-05 0
reminder 0.009222133119486768 0.0003520143110729171 0
relevant 0.006415396952686447 0.00010209667741082826 0
talking 0.00801924619085806 0.0009351554562844576 0
sharing 0.006415396952686447 0.0001691171957111879 0
videos 0.007618283881315156 0.0004271775091667784 0
buy 0.0036086607858861267 0.0006113273444967386 0
tamir 0.0052125100240577385 1.8790799523465325e-06 0
rice 0.0052125100240577385 8.205315791913191e-05 0
12 0.0052125100240577385 0.0009232546165862629 0
black 0.012429831595829992 0.001659227597921988 0
boy 0.006014434643143544 0.0009132328568404147 0
carrying 0.012028869286287089 8.267951790324743e-05 2
toy 0.0052125100240577385 8.330587788736293e-05 0
percieved 0.0052125100240577385 1.2527199682310216e-06 0
open 0.006014434643143544 0.0008437068986035931 2
carry 0.006415396952686447 0.0001515791161559536 1
state 0.009623095429029671 0.0007885872200014281 2
virginia's 0.01082598235765838 2.505439936462043e-06 2
extreme 0.011226944667201283 9.207491766498008e-05 2
laws 0.023255813953488372 0.0001221401969025246 2
those 0.014434643143544507 0.0016586012379378725 0
armed 0.012830793905372895 7.641591806209232e-05 0
extremists 0.014033680834001604 1.3153559666425726e-05 2
protesting 0.012429831595829992 6.138327844332006e-05 2
background 0.013231756214915798 0.00011963475696606256 2
checks 0.012830793905372895 5.19878786815874e-05 2
limit 0.01082598235765838 9.019583771263355e-05 2
han 0.01082598235765838 0.0006163382243696626 0
guns 0.009623095429029671 0.000145941876298914 0
kill 0.0032076984763432237 0.00040274946978627346 1
richmond 0.008420208500400962 6.138327844332006e-05 2
mouth 0.0032076984763432237 0.00022987411417039246 0
smoking 0.006014434643143544 6.263599841155108e-05 0
virginia 0.01483560545308741 0.00020419335482165651 2
used 0.00400962309542903 0.0007860817800649661 0
thousands 0.004410585404971933 0.00019354523509169285 0
proble 0.0024057738572574178 1.8790799523465325e-06 0
governor 0.0024057738572574178 0.00011149207717256093 2
violence 0.0028067361668003207 0.00019980883493284795 2
smith 0.0028067361668003207 0.0001271510767754487 0
sense 0.00400962309542903 0.00037894779038988405 2
rally 0.010024057738572574 0.0002968946324707521 2
themselves 0.0024057738572574178 0.0002950155525184056 0
campaign 0.0024057738572574178 0.00037456327050107544 2
slinging 0.0024057738572574178 2.505439936462043e-06 0
lawyers 0.0024057738572574178 0.00017600715553645855 0
patriots 0.0024057738572574178 0.00010836027725198337 2
dem 0.0028067361668003207 0.0002549285135350129 2
facts 0.0024057738572574178 0.00036829967065992033 0
tried 0.0036086607858861267 0.0004290565891191249 0
interview 0.0024057738572574178 0.00031067455212129333 0
shoved 0.0024057738572574178 6.889959825270619e-06 0
microphone 0.0028067361668003207 3.758159904693065e-06 0
simply 0.0024057738572574178 0.000231753194122739 0
arou 0.0024057738572574178 5.010879872924086e-06 0
point 0.007217321571772253 0.0010096922943942034 0
bought 0.0036086607858861267 0.0001966770350122704 1
fbi 0.0036086607858861267 0.00014218371639422095 2
arrested 0.0024057738572574178 0.00015533727606064667 2
voice 0.0024057738572574178 0.00038145323032634607 0
deny 0.0048115477145148355 8.581131782382498e-05 0
guns 0.08259474327628362 0.0010234608723035743 0
laws 0.008251833740831296 0.000629822075263738 2
sales 0.0026742053789731053 0.00023618327822390176 2
gun 0.14402506112469438 0.0005510943158557707 0
firearm 0.0012224938875305623 7.872775940796725e-05 0
protect 0.001604523227383863 0.0001574555188159345 1
control 0.009627139364303178 0.0007872775940796725 2
machine 0.004737163814180929 0.00039363879703983623 2
violence 0.007793398533007335 0.0005510943158557707 0
california 0.0018337408312958435 7.872775940796725e-05 2
shooting 0.004431540342298288 7.872775940796725e-05 0
deaths 0.0017573349633251834 7.872775940796725e-05 2
finger 0.0018337408312958435 7.872775940796725e-05 0
owners 0.003667481662591687 7.872775940796725e-05 2
loaded 0.0013753056234718827 7.872775940796725e-05 1
weapons 0.002139364303178484 0.0001574555188159345 0
murder 0.001604523227383863 7.872775940796725e-05 1
effect 0.0008404645476772616 7.872775940796725e-05 2
drawn 0.0009168704156479218 7.872775940796725e-05 1
assault 0.0011460880195599023 7.872775940796725e-05 2
weapon 0.001604523227383863 0.0001574555188159345 2
zealand 0.0012224938875305623 7.872775940796725e-05 2
anti 0.0013753056234718827 7.872775940796725e-05 2
magazines 0.0008404645476772616 7.872775940796725e-05 2
arm 0.0009168704156479218 7.872775940796725e-05 0
pointed 0.0014517114914425428 7.872775940796725e-05 1
rep 0.0008404645476772616 7.872775940796725e-05 2
